10,13, 16,30, 33,23,  30,61, 62,45, 59,119,  116,90, 156,198, 373,326

7,9, 20,10, 12,16, 25,20, 27,22, 30,25, 40,30, 80,35, 75,80

5,5, 8,8, 6,12, 11,11, 10,17, 15,17, 21,14, 16,25, 27,28

[[  8.33333333   8.88888889]
 [ 13.33333333  13.33333333]
 [ 27.          35.        ]
 [ 55.          21.25      ]
 [ 21.          68.75      ]
 [ 57.          30.        ]
 [ 27.          75.        ]
 [ 62.          37.5       ]
 [ 39.          73.75      ]
 [ 54.          56.25      ]
 [ 45.         175.        ]
 [170.          68.75      ]]

8,9, 13,13, 27,35, 55,21, 21,68, 57,30, 27,75, 62,38, 39,74, 54,57, 45,175, 170,69

[[  6.35761589   5.47008547]
 [  4.19672131   9.01408451]
 [  8.55614973  12.30769231]
 [ 12.5984252    8.70752777]
 [ 14.93333333  17.58241758]
 [ 31.47540984  27.42857143]
 [121.97947099  68.24944974]
 [ 73.3126935  401.19402985]
 [333.41317365 208.19277108]]

 sis1 ：6,5,4,9,9,12,13,9,15,18,31,27,122,68,73,401,333,208